===================Title===================
Arabic numerals
===================Table===================
|    | Binary    |   Octal |   Decimal |   Hexadecimal |   Glyph |
|---:|:----------|--------:|----------:|--------------:|--------:|
|  0 | 0011 0000 |      60 |        48 |            30 |       0 |
|  1 | 0011 0001 |      61 |        49 |            31 |       1 |
|  2 | 0011 0010 |      62 |        50 |            32 |       2 |
|  3 | 0011 0011 |      63 |        51 |            33 |       3 |
|  4 | 0011 0100 |      64 |        52 |            34 |       4 |
|  5 | 0011 0101 |      65 |        53 |            35 |       5 |
|  6 | 0011 0110 |      66 |        54 |            36 |       6 |
|  7 | 0011 0111 |      67 |        55 |            37 |       7 |
|  8 | 0011 1000 |      70 |        56 |            38 |       8 |
|  9 | 0011 1001 |      71 |        57 |            39 |       9 |
===================Question===================
how many total rows are there?
===================Text===================
Final Answer: 10
===================Answer===================
10
