===================Title===================
Davis Love III
===================Table===================
|    | Year    | Wins (majors)   | Earnings ($)   | Rank   |
|---:|:--------|:----------------|:---------------|:-------|
|  0 | 1985    | 0               | 0              | -      |
|  1 | 1986    | 0               | 113,245        | 77     |
|  2 | 1987    | 1               | 297,378        | 33     |
|  3 | 1988    | 0               | 156,068        | 75     |
|  4 | 1989    | 0               | 278,760        | 44     |
|  5 | 1990    | 1               | 537,172        | 20     |
|  6 | 1991    | 1               | 686,361        | 8      |
|  7 | 1992    | 3               | 1,191,630      | 2      |
|  8 | 1993    | 2               | 777,059        | 12     |
|  9 | 1994    | 0               | 474,219        | 33     |
| 10 | 1995    | 1               | 1,111,999      | 6      |
| 11 | 1996    | 1               | 1,211,139      | 7      |
| 12 | 1997    | 2 (1)           | 1,635,953      | 3      |
| 13 | 1998    | 1               | 1,541,152      | 11     |
| 14 | 1999    | 0               | 2,475,328      | 3      |
| 15 | 2000    | 0               | 2,337,765      | 9      |
| 16 | 2001    | 1               | 3,169,463      | 5      |
| 17 | 2002    | 0               | 2,056,160      | 21     |
| 18 | 2003    | 4               | 6,081,896      | 3      |
| 19 | 2004    | 0               | 3,075,092      | 10     |
| 20 | 2005    | 0               | 2,658,779      | 13     |
| 21 | 2006    | 1               | 2,747,206      | 16     |
| 22 | 2007    | 0               | 1,016,489      | 96     |
| 23 | 2008    | 1               | 1,695,237      | 48     |
| 24 | 2009    | 0               | 1,622,401      | 52     |
| 25 | 2010    | 0               | 1,214,472      | 73     |
| 26 | 2011    | 0               | 1,056,300      | 88     |
| 27 | 2012    | 0               | 989,753        | 100    |
| 28 | 2013    | 0               | 303,470        | 165    |
| 29 | Career* | 20 (1)          | 42,511,946     | 6      |
===================Question===================
what was the first year that davis love was ranked?
===================Text===================
Final Answer: 1986
===================Answer===================
1986
