===================Title===================
1980
===================Table===================
|    | Unnamed: 0                 | 1980          | 1975          | 1975 .1     | 1985          | 1985 .1     |
|---:|:---------------------------|:--------------|:--------------|:------------|:--------------|:------------|
|  0 | World                      | 4,434,682,000 | 4,068,109,000 | 366,573,000 | 4,830,979,000 | 396,297,000 |
|  1 | Africa                     | 469,618,000   | 408,160,000   | 61,458,000  | 541,814,000   | 72,196,000  |
|  2 | Asia                       | 2,632,335,000 | 2,397,512,000 | 234,823,000 | 2,887,552,000 | 255,217,000 |
|  3 | Europe                     | 692,431,000   | 675,542,000   | 16,889,000  | 706,009,000   | 13,578,000  |
|  4 | Latin-America\n& Caribbean | 361,401,000   | 321,906,000   | 39,495,000  | 401,469,000   | 40,068,000  |
|  5 | North\nAmerica             | 256,068,000   | 243,425,000   | 12,643,000  | 269,456,000   | 13,388,000  |
|  6 | Oceania                    | 22,828,000    | 21,564,000    | 1,264,000   | 24,678,000    | 1,850,000   |
===================Question===================
which continent has the greatest population growth between 1975 and 1985?
===================Text===================
Final Answer: Asia
===================Answer===================
Asia
